    668 296658058
    377 20226098
    345 100091090
    321 109213963
    176 334095530
    166 1969429200
    134 52272721
    126 540114760
    116 1803720314
    106 109902362
     83 374278278
     79 135858701
     66 321118040
     64 545181844
     62 372426144
     61 283864891
     60 75306666
     56 4036417663
     56 1528570202
     56 1497085517
     55 368885808
     49 483270183
     46 1299733662
     41 355654248
     41 1323257970
     34 358269079
     31 4030706955
     27 529053069
     27 342404009
     25 280754621
     21 83715386
     18 71460767
     17 110687265
     15 541001620
     15 11997809
     14 474989529
     14 296508803
     12 61382708
     10 41625506
      9 386382180
      8 74572013
      8 549349097
      8 3248162956
      6 4016712418
      6 293989186
      6 274802291
      5 3810738776
      5 3721880397
      5 325890444
      5 1647240833
      5 1343967564
      5 124923973
      4 574000875
      4 297758090
      4 1289905060
      3 292636281
      3 19511725
      3 17944090
      2 57189323
      2 554972931
      2 545524942
      2 4015773754
      2 13905905
      1 69961016
      1 373104028
      1 3267498124
