103153 90348498
103432 20226098
103432 20226098
105926 374278278
1080657 483270183
108245 135858701
108632 296658058
109236 52272721
109444 540114760
109998 296658058
112471 296658058
114350 109213963
1298510247 83715386
1302604754 296658058
1303273423 368885808
1307385071 1803720314
1318571230 1528570202
1320101152 100091090
1323736730 100091090
1325711261 63728035
1330589933 368885808
1330603087 368885808
1331819951 358269079
1332675144 540114760
1334270056 296658058
1334270056 296658058
1334296072 63728035
1336508425 374278278
1342592226 374278278
1345936196 1803720314
1367521756 545181844
1371382065 1803720314
1371939273 109213963
1372510711 334095530
1372510711 334095530
1375914761 355654248
1385566412 334095530
1388674995 355654248
1391313820 4036417663
1391335941 100091090
139342 545181844
139371 1969429200
1393739628 109213963
139375 296658058
139385 20226098
139424 296658058
139437 296658058
1394402692 1343967564
139463 296658058
139471 540114760
139481 4030706955
139491 4030706955
139808 296658058
1401740583 3248162956
1403921413 540114760
1404709472 374278278
1405908431 135858701
1409911804 52272721
1410233867 296658058
1410647903 1528570202
1411784746 20226098
1412597751 100091090
1413863166 109213963
1415576894 1299733662
1417454947 109213963
1424286681 109213963
1430595488 1299733662
1433448814 483270183
1433786457 540114760
1438465625 296658058
1446138503 1299733662
1448136306 372426144
1451452397 109213963
1451856375 4036417663
145245 20226098
1452668705 1803720314
1453639477 540114760
1456446166 20226098
1456446168 52272721
1456446169 52272721
1456669276 296658058
1456669276 334095530
1459783374 1343967564
1461637510 374278278
1465253976 109213963
1467971656 321118040
1468592465 334095530
1468592465 334095530
1469826255 540114760
147258 296658058
1473886611 540114760
1474411442 296658058
1474959445 545181844
1476233570 109213963
1477670 540114760
1481635386 334095530
1484134848 109213963
1484843 296658058
1486086374 20226098
1486430 296658058
1487205164 109213963
1487205168 1803720314
1488796175 374278278
1488990357 109213963
1490185355 63728035
1492319444 90348498
1492362609 1803720314
1493931568 100091090
1496828999 321118040
1497179369 109213963
150532 135858701
150651 109902362
150660 283864891
150667 355654248
151200 296658058
154480 296658058
156324 20226098
156956 109902362
157152 100091090
158939 296658058
16661481 545181844
167595 110687265
167876 109213963
167942 100091090
17858810 540114760
1804888816 368885808
1805086601 100091090
1806316871 100091090
1806683394 368885808
1806779079 100091090
1807799506 52272721
1808250358 109213963
1808250358 1497085517
1809746622 334095530
1810827382 20226098
1812202432 109902362
1813960297 374278278
1823035883 368885808
1826783715 100091090
1830419924 1969429200
1834732035 109213963
1836139178 541001620
1836139178 541001620
1837818274 1528570202
1838498574 374278278
1838505400 100091090
1840927022 1497085517
1853253710 63728035
1854657935 296658058
1855487830 1803720314
1856318955 355654248
185706 296658058
185712 100091090
185712 296658058
185715 296658058
185717 296658058
185796 296658058
185824 109902362
1859321 100091090
1860234945 100091090
186106 20226098
1864604336 63728035
1866877994 109213963
1871868390 283864891
1871868393 355654248
1871868396 283864891
187723 358269079
18795421 63728035
188227 334095530
1885840249 135858701
1889635392 100091090
1892513656 296658058
189285 296658058
18938933 63728035
1895377443 296658058
190203 342404009
190244 20226098
190563 296658058
1905980454 90348498
191179 109213963
1913476397 1803720314
1913476397 374278278
1913763108 109213963
1915811362 90348498
1920623030 334095530
1922374770 4036417663
1926899904 109213963
1929355349 545181844
1929356871 540114760
193473 100091090
1940771896 358269079
1942989843 109213963
1946751557 4036417663
194740 296658058
1953125353 374278278
1959668190 321118040
1962385461 110687265
1963720284 374278278
1963720468 374278278
1965909942 90348498
1968327487 374278278
1968779703 374278278
1970480716 135858701
1983534389 90348498
1986809294 545181844
1987796847 374278278
2004630510 358269079
2004988703 358269079
2006426334 75306666
2006426337 296658058
2006426342 321118040
2014291042 135858701
2014338474 358269079
2019831753 334095530
2024869845 334095530
2026259394 541001620
2029903045 541001620
2040327122 90348498
2046562631 334095530
2046562631 334095530
2067168896 474989529
209268 20226098
210680 296658058
210680 296658058
2117027 4030706955
21680447 296658058
21973899 545181844
22644323 283864891
22819662 358269079
22822543 20226098
228755 109213963
231412 100091090
25011453 1969429200
255294 100091090
25642012 296658058
256946 358269079
25706277 334095530
25706279 4036417663
25706285 1497085517
25714102 1497085517
25843040 20226098
26177038 545181844
26427653 109213963
26427666 483270183
26450089 20226098
26459609 1528570202
26494703 90348498
26584329 100091090
26601005 109213963
26608738 4030706955
27159995 296658058
27494071 358269079
27552548 4030706955
27583401 540114760
27630173 135858701
27646205 1969429200
27928230 296658058
27945088 321118040
28009051 100091090
28053517 545181844
28068737 296658058
28111225 1969429200
28254343 296658058
28258937 41625506
28267674 4030706955
283846 296658058
28403111 1969429200
28533584 483270183
28587865 4030706955
28612195 545181844
287149 1803720314
287248 296658058
287277 296658058
287277 540114760
28739036 1528570202
28863012 296658058
28863012 4030706955
28864473 296658058
28913379 374278278
28923457 355654248
28935305 20226098
28996919 20226098
28996921 52272721
29027341 374278278
292590 20226098
293700 4030706955
293927 4030706955
29418062 296658058
29473749 368885808
29567189 334095530
29572506 109213963
29592187 483270183
29715559 100091090
29715559 135858701
297794 20226098
297894 100091090
29897928 334095530
299432 296658058
299590 296658058
299623 100091090
299650 296658058
299652 296658058
29995314 20226098
29995363 540114760
300055 296658058
300064 296658058
300146 296658058
300148 296658058
300222 296658058
30706318 100091090
31574225 374278278
316103 100091090
317151 296658058
31738245 540114760
31877511 342404009
324376 296658058
327186 540114760
327190 296658058
327192 296658058
327363 20226098
327387 20226098
33599265 540114760
33789165 109213963
34183450 90348498
34218388 483270183
34509586 368885808
348074 374278278
348101 20226098
350133 52272721
350760 483270183
350820 334095530
350838 334095530
350848 100091090
350854 20226098
350854 474989529
353415 109213963
353648 20226098
354352 296658058
354432 296658058
355947 20226098
355995 109902362
35618549 100091090
357312 483270183
362390 90348498
365622 52272721
365743 20226098
365749 368885808
368780 296658058
381849 109213963
381849 334095530
381849 334095530
385973 296658058
386691 4036417663
386700 1299733662
386829 109213963
386829 1343967564
39436490 1299733662
39436490 540114760
394575 296658058
394679 1299733662
394690 296658058
399341494 109213963
400162028 296658058
401722082 1969429200
40249668 296658058
407759226 110687265
409647016 69961016
418257873 1497085517
418603445 325890444
4237923 135858701
426852063 325890444
4283127 83715386
437715323 100091090
438462600 283864891
440411621 280754621
441120217 1299733662
441835079 374278278
442562771 372426144
447925725 334095530
449577636 334095530
451991040 100091090
454924322 109213963
459720412 545181844
460043705 372426144
472045245 545181844
473045225 1969429200
475073278 334095530
476659144 296658058
477428784 4036417663
479219330 474989529
483378334 4036417663
485413811 20226098
4872842 20226098
4874221 296658058
4877246 109213963
4879327 100091090
4899152 100091090
490595927 1299733662
497994 1803720314
500014 1803720314
500665348 334095530
500665348 334095530
500665353 334095530
501133798 109213963
506092013 334095530
506094660 100091090
511678808 374278278
513375983 109213963
514774334 100091090
5179544 296658058
520242139 52272721
520458664 1969429200
522351063 1803720314
5232561 296658058
5241526 100091090
5242750 109213963
5245693 342404009
5246622 100091090
525081767 100091090
5257070 109213963
5261050 20226098
5262805 20226098
5264352 109213963
5270868 296658058
5274363 296658058
5280051 296658058
528272281 368885808
529319768 474989529
536623692 135858701
536623692 1803720314
545589259 109213963
549309101 100091090
549320309 1299733662
553546158 296658058
554241264 541001620
554245291 374278278
561097027 296658058
569200211 1299733662
571059603 20226098
573581361 1299733662
577879 1803720314
601630 93825695
60420 358269079
64481 334095530
65355 296658058
65549 100091090
65592 283864891
65766 1647240833
65931 109902362
66164 296658058
66265 1299733662
67447 334095530
68099 20226098
68377 296658058
718765 3721880397
760058 3248162956
77462 541001620
784594 483270183
795881 358269079
816978 1803720314
85570 20226098
87510 296658058
92305 325890444
92778 135858701
93471 20226098
